1494
1000000
1000000
1000000
1000000
2097
1000000
1000000
1000000
1000000
1000000
1000000
1000000
1000000
1000000
1000000
1000000
1000000
1000000
1000000
1000000
1000000
755
1000000
1000000
1000000
1000000
31103
1000000
1000000
1000000
1000000
1000000
1855
5640
1000000
1000000
1000000
1000000
1000000
1000000
1000000
1000000
1000000
1000000
1000000
1000000
1000000
1000000
1000000
1000000
1000000
1000000
10608
1000000
1000000
1000000
1000000
1000000
1000000
1000000
12508
1000000
1000000
1000000
1000000
1000000
1000000
1000000
1000000
1000000
1000000
1000000
1000000
1000000
1000000
1000000
1000000
383
1000000
1000000
1000000
1000000
9480
1000000
1000000
1000000
1000000
1000000
1000000
1000000
1000000
1000000
54551
1000000
1000000
1000000
1000000
1000000
1000000
1000000
1000000
1000000
1000000
1000000
1000000
1000000
1000000
1000000
1000000
20903
1000000
1000000
1000000
1157
1000000
1000000
1000000
1000000
1000000
1000000
1000000
1000000
1000000
1000000
1000000
1000000
1000000
1000000
1000000
1000000
1000000
1000000
1000000
252
1000000
1000000
1000000
1000000
1000000
1000000
1000000
1000000
1000000
1000000
1000000
1000000
1000000
1000000
1000000
1000000
1000000
1000000
1000000
1000000
5795
1000000
56100
1000000
1000000
1000000
1000000
1000000
1000000
1000000
1000000
39704
1000000
35293
1000000
1000000
1000000
1000000
1000000
1000000
1000000
1000000
1000000
1000000
1000000
34600
1000000
1000000
1000000
1000000
1000000
1000000
1000000
1000000
1000000
1000000
1000000
1000000
1000000
1000000
1000000
1000000
1000000
1000000
1000000
1000000
1000000
1000000
1000000
1000000
1000000
115660
1000000
1000000
1000000
1000000
1000000
1000000
1000000
1000000
1000000
1000000
11944
1000000
1000000
8819
1000000
1000000
1000000
1000000
1000000
1000000
1000000
1000000
1000000
1000000
4475
1000000
1000000
55571
1000000
1000000
1000000
1000000
1000000
1000000
36393