46150
185439
974
154590
168411
5946
69444
376289
317856
37609
497921
115814
444886
87235
37027
102747
92858
25175
222447
6793
92151
39600
217572
114098
267696
219789
116903
431279
18346
149516
140949
128872
243757
51933
13125
180699
245424
67146
95572
13813
183418
228913
15738
57755
87825
19704
435184
70874
229776
201706
154176
30270
152791
385771
57500
581619
11252
10340
23343
534118
43440
214994
144752
14543
52501
190309
160308
182935
318331
195869
34339
201829
79685
42725
221893
55815
94302
8562
385992
752
82320
29052
40843
195775
80807
133734
119676
7651
259861
337921
10326
1235
375067
126653
325708
15545
371221
66198
222752
286570
54110
42476
273510
329373
303483
5101
232522
137682
103109
195941
114742
54890
89480
395959
37707
79503
46838
266152
347201
54533
140650
69751
7236
121304
56776
47551
353867
105643
52503
173856
99701
619
736130
220681
250181
108972
266164
21704
20657
451002
146221
503057
104583
565690
146354
3823
59699
241709
3546
266770
113327
234728
141988
8562
88573
910707
271278
127661
140457
19078
29732
31006
69094
82833
4791
42258
142917
516477
90337
49336
53687
337506
287094
57750
8816
485080
37783
152608
105422
33388
31072
131025
459245
50110
145497
187730
539511
84768
54608
154278
70068
28142
97021
150043
130720
375002
167241
30556
145329
44560