2541
158459
140446
27534
450
12912
291600
65628
182218
664752
321315
332741
505728
65758
7531
219563
25030
23088
24442
42121
1406
19870
101245
55132
244082
199036
18136
247938
308755
55127
47022
28939
1494
1000000
1000000
1000000
1000000
2097
1000000
1000000
1000000
1000000
1000000
1000000
1000000
1000000
1000000
1000000
1000000
1000000
1000000
1000000
1000000
1000000
755
1000000
1000000
1000000
1000000
31103
1000000
1000000
1000000
1000000
1000000
1855
5640
1000000
1000000
1000000
1000000
1000000
1000000
1000000
1000000
1000000
1000000
1000000
1000000
1000000
1000000
1000000
1000000
1000000
1000000
10608
1000000
1000000
1000000
1000000
1000000
1000000
1000000
12508
1000000
1000000
1000000
1000000
1000000
1000000
1000000
1000000
1000000
1000000
1000000
1000000
1000000
1000000
1000000
1000000
383
1000000
1000000
1000000
1000000
9480
1000000
1000000
1000000
1000000
1000000
1000000
1000000
1000000
1000000
54551
1000000
1000000
1000000
1000000
1000000
1000000
1000000
1000000
1000000
1000000
1000000
1000000
1000000
1000000
1000000
1000000
20903
1000000
1000000
1000000
1157
1000000
1000000
1000000
1000000
1000000
1000000
1000000
1000000
1000000
1000000
1000000
1000000
1000000
1000000
1000000
1000000
1000000
1000000
1000000
252
1000000
1000000
1000000
1000000
1000000
1000000
1000000
1000000
1000000
1000000
1000000
1000000
1000000
46150
185439
974
154590
168411
5946
69444
376289
317856
37609
497921
115814
444886
87235
37027
102747
92858
25175
222447
6793
92151
39600
217572
114098
267696
219789
116903
431279
18346
149516
140949
128872
243757
51933
13125
180699
245424
67146
95572
13813
183418
228913
15738
57755
87825
19704
435184
70874
229776
201706
154176
30270
152791
385771
57500
581619
11252
10340
23343
534118
43440
214994
144752
14543
52501
190309
160308
182935
318331
195869
34339
201829
79685
42725
221893
55815
94302
8562
385992
752
82320
29052
40843
195775
80807
133734
119676
7651
259861
337921
10326
1235
375067
126653
325708
15545
371221
66198
222752
286570
54110
42476
273510
329373
303483
5101
232522
137682
103109
195941
114742
54890
89480
395959
37707
79503
46838
266152
347201
54533
140650
69751
7236
121304
56776
47551
353867
105643
52503
173856
99701
619
736130
220681
250181
108972
266164
21704
20657
451002
146221
503057
104583
565690
146354
3823
59699
241709
3546
266770
113327
234728
141988
8562
88573
910707
271278
127661
140457
19078
29732
31006
69094
82833
4791
42258
142917
516477
90337
49336
53687
337506
287094
57750
8816
485080
37783
152608
105422
33388
31072
131025
459245
50110
145497
187730
539511
84768
54608
154278
70068
28142
97021
150043
130720
375002
167241
30556
145329
44560
1000000
1000000
1000000
1000000
1000000
1000000
1000000
5795
1000000
56100
1000000
1000000
1000000
1000000
1000000
1000000
1000000
1000000
39704
1000000
35293
1000000
1000000
1000000
1000000
1000000
1000000
1000000
1000000
1000000
1000000
1000000
34600
1000000
1000000
1000000
1000000
1000000
1000000
1000000
1000000
1000000
1000000
1000000
1000000
1000000
1000000
1000000
1000000
1000000
1000000
1000000
1000000
1000000
1000000
1000000
1000000
1000000
115660
1000000
1000000
1000000
1000000
1000000
1000000
1000000
1000000
1000000
1000000
11944
1000000
1000000
8819
1000000
1000000
1000000
1000000
1000000
1000000
1000000
1000000
1000000
1000000
4475
1000000
1000000
55571
1000000
1000000
1000000
1000000
1000000
1000000
36393
84795
65144
95958
279958
44279
6872
13520
103792
3491
786255
1876
582684
389057
127658
141366
32991
25477
248698
148938
5279
52394
24188
370719
114964
78359
2628
169085
50539
213568
123054
228244
296880
420109
12555
44400
293851
49702
127939
723952
178753
205243
161555
452320
279108
18685
347610
196312
604878
133860
27322
63247
50976
10995
15256
42228
136592
326560
72341
24129
10408
129280
8662
126094
15656
503947
91938
67917
160843
519811
134863
379452
302817
187005
80541
52760
344255
474131
124213
92921
180263
16544
121517
171245
91251
512266
95913
8109
3413
16687
6650
120602
16439
635973
173634
74155
62685
264453
18739
70800
153158
279236
200262
22483
106966
134270
10315
259706
622102
371960
263837
523373
277316
84405
72326
183292
51694
97403
24990
35610
141690
159636
145197
170230
73319
63137
231881
86602
27552
30871
458012
79046
195363
45727
41329
151850
53186
101584
206973
336315
10049
534118
135082
133037
15898
270206
259124
38894
182155
107273
163037
3210
193685
16118
44280
310820
325493
21577
32270
31265
130853
81694
190649
186135
323098
34896
75258
90
199131